5.26391602
6.90856934
7.82226562
8.49230957
9.04052734
9.46691895
9.83239746
10.13696289
10.38061523
10.62426758
10.86791992
11.05065918
11.23339844
11.41613770
11.59887695
11.72070312
11.90344238
12.02526855
12.14709473
12.26892090
12.39074707
12.51257324
12.57348633
12.69531250
12.81713867
12.87805176
12.93896484
13.06079102
13.12170410
13.24353027
13.30444336
13.36535645
13.42626953
13.48718262
13.54809570
13.66992188
13.73083496
13.79174805
13.85266113
13.91357422
13.91357422
13.97448730
14.03540039
14.09631348
14.15722656
14.21813965
14.27905273
14.33996582
14.33996582
14.40087891
14.46179199
14.52270508
14.52270508
14.58361816
14.64453125
14.64453125
14.70544434
14.76635742
14.76635742
14.82727051
14.88818359
14.88818359
14.94909668
15.01000977
15.01000977
15.07092285
15.07092285
15.13183594
15.13183594
15.19274902
15.25366211
15.25366211
15.31457520
15.31457520
15.37548828
15.37548828
15.43640137
15.43640137
15.49731445
15.49731445
15.55822754
15.55822754
15.55822754
15.61914062
15.61914062
15.68005371
15.68005371
15.74096680
15.74096680
15.80187988
15.80187988
15.80187988
15.86279297
15.86279297
15.92370605
15.92370605
15.92370605
15.98461914
15.98461914
16.04553223
